15.3266 13.9761 14.3494 13.4704 13.039 12.8855 15.1861 13.2994 14.3911 14.7736 12.6008 12.745 14.8892 14.4086 15.5208 15.2809 15.0898 15.6033 16.0563 15.0964 14.9696 13.7794 15.7148 14.4926 12.9049 14.258 13.5652 13.3144 12.2822 12.7872 13.0284 13.9209 13.1256 15.354 15.1456 13.8727 13.3431 13.908 13.7652 13.427 13.3797 11.2846 12.7328 12.3312 
13.463 12.4603 12.7548 13.5944 12.5748 13.7468 12.6138 13.6393 13.4805 13.5899 13.8569 14.0503 15.0476 15.2654 17.1615 15.9026 16.1833 16.5955 15.7543 15.0105 14.6598 14.1713 15.8075 14.1751 14.5701 14.3719 13.9325 12.9121 13.8687 13.1873 14.2393 14.2798 13.9717 14.9593 15.4569 13.9548 13.3645 12.5929 13.6056 13.0078 11.3231 13.401 12.3751 13.7776 
14.0733 13.9807 13.5056 13.4977 13.2671 12.1855 12.6805 13.5044 12.8909 13.9118 13.2142 12.9451 13.8412 13.8958 15.1051 15.2561 15.1589 15.406 16.6015 15.2478 16.3677 15.8141 14.795 14.8793 15.0035 16.1395 15.0485 13.9443 14.305 13.3214 14.077 14.1504 14.4164 14.5259 15.1971 13.5634 13.873 14.0641 13.8207 12.6356 13.1922 13.4564 14.0595 16.419 
13.2701 13.8268 12.5507 13.7703 13.1882 12.6842 13.0207 11.4732 14.027 12.9461 12.8457 11.9199 13.6249 14.8916 14.1619 13.81 13.448 14.2773 14.6277 15.2829 16.3659 15.7239 16.8585 17.9972 15.5312 15.1209 16.7487 14.2914 14.1038 14.2458 13.1202 14.33 14.4729 15.0465 14.2281 13.4785 14.1752 14.0246 13.0793 13.7893 12.6431 11.9565 12.9938 12.5082 
14.0219 13.8286 12.8325 13.073 12.8767 12.7012 11.53 13.4216 13.5994 12.0162 12.3058 12.1912 12.0259 14.5533 15.5767 15.8622 14.6134 15.4692 15.7055 15.8556 15.8325 15.9659 15.8786 16.5247 14.7939 16.5872 15.3414 14.0301 13.2177 11.4017 13.5202 13.5654 14.0359 13.8378 13.5144 14.2388 14.6008 13.9472 13.7134 13.5861 12.6378 14.6886 14.0774 12.9576 
15.3095 12.7606 14.0639 14.1528 13.0636 10.5422 11.0746 12.064 14.0197 13.2945 12.9089 13.1544 14.4741 15.4496 15.5473 16.9241 15.2122 16.4003 16.9023 16.085 15.8683 15.3442 15.8534 16.2598 15.5009 15.7539 14.8418 15.9726 12.4242 13.3228 12.7324 13.5719 13.6585 12.9949 14.3785 14.0045 15.3323 14.0772 15.1014 13.1087 14.0433 14.6062 15.2692 15.9802 
13.5868 11.4707 12.2147 13.3114 12.3173 12.0998 11.4943 12.0505 13.6389 11.5674 12.5182 12.8545 14.4847 14.2459 15.2803 14.8607 15.051 16.689 16.3369 16.6241 15.5158 16.8185 16.6826 16.609 14.3634 13.8806 15.1022 12.2245 11.9134 12.8187 12.8527 12.9963 13.6022 15.7107 14.3479 14.6828 14.8048 15.4037 16.2559 14.6897 14.8412 14.7251 14.0886 14.0444 
13.2025 12.9249 11.6425 13.5128 13.5549 11.7993 12.8931 13.4092 14.0182 15.2165 13.617 14.0537 13.6275 15.3574 16.6784 15.1725 15.3918 15.3223 16.9436 15.427 15.8084 16.723 16.5644 15.9282 15.1879 15.1093 14.2398 12.477 13.1558 11.6179 12.7274 12.8824 13.6857 15.6784 14.7995 15.3462 15.6272 15.23 16.1297 15.3013 14.5805 15.4384 14.4021 13.5641 
11.372 11.0913 11.1499 12.7778 12.2697 10.7966 12.4665 12.3201 12.8665 13.1368 11.8827 13.3966 13.4303 13.7576 14.5168 16.3793 15.8729 15.1299 16.7541 17.1972 17.0106 16.8376 16.4756 16.8808 15.8111 14.4525 14.0138 12.8679 11.8664 11.6653 10.6808 11.7363 12.0866 12.9769 13.5241 14.8492 15.9425 15.2211 14.7558 14.1268 14.1119 15.9147 14.8235 15.0752 
13.2688 11.2652 10.4408 12.3006 12.7291 12.4016 12.4566 12.971 14.1775 14.2967 14.5377 14.0028 15.6116 16.2062 17.0052 17.2376 16.3673 16.3703 17.8392 17.5899 16.7602 16.7321 16.2433 17.2734 16.054 13.4539 13.8737 13.8925 11.8142 12.1911 11.1359 12.1938 13.227 12.3071 12.4978 12.6424 14.9809 14.8474 15.1405 14.5528 14.5896 14.3248 14.7664 13.8692 
12.9457 12.4195 11.9936 13.7653 13.6532 13.4185 13.4001 13.5381 14.714 14.9942 13.1812 14.0144 15.0787 16.5467 16.2397 14.9574 14.3435 14.913 15.3205 15.0808 13.7896 14.5704 15.2912 15.9115 14.5282 13.9207 13.3576 13.8011 12.4393 11.3286 11.9505 13.3018 13.3036 12.9644 13.6606 13.6697 12.0534 12.9041 14.3965 15.2514 14.5906 14.3348 14.6016 15.9251 
11.8639 11.6237 11.3987 12.8017 14.3531 12.9228 14.3117 13.7445 15.4706 15.251 15.3246 15.0831 14.6137 16.4843 16.3819 17.3822 15.2631 15.2551 16.3568 15.6471 14.2788 13.7734 15.6742 16.6452 15.8164 15.1894 14.7976 14.7725 14.2165 13.6207 12.9705 12.4255 13.0613 13.2867 13.462 13.9515 12.4619 13.0965 13.9194 14.6956 15.3563 15.5542 15.1413 15.0578 
13.8909 11.401 11.4056 12.2114 13.1434 13.1855 12.0916 12.4554 13.9758 14.7182 15.312 13.2512 15.3771 14.9739 15.3672 14.7525 15.0656 14.6785 16.3986 16.103 15.5657 15.8521 15.8111 16.3918 16.7097 14.7764 14.071 14.7628 13.5116 13.1023 13.8231 12.2567 12.8592 12.8618 14.2886 12.8115 12.1633 12.4887 13.8393 13.9322 13.4142 14.0589 14.1751 15.2492 
13.6303 11.9781 12.3787 13.9879 14.2038 14.1588 12.7424 13.9284 13.2206 14.703 13.0553 13.5016 13.6241 14.2587 15.6007 15.3582 14.3052 14.9767 14.5179 15.7197 14.9395 14.8207 15.2737 15.1283 16.1875 14.8772 14.5293 14.4621 15.3197 15.7018 15.4283 14.9128 14.2791 15.3902 13.3968 13.158 11.684 11.6573 12.5542 12.0109 12.9265 13.7031 14.2681 14.5435 
11.8655 12.1506 10.7912 12.1701 14.532 13.5934 13.6676 12.1512 14.4388 14.5404 13.0165 12.6081 13.0541 13.5043 15.142 14.9321 14.0603 16.002 15.9189 16.5515 15.3212 14.557 16.9649 16.5187 16.5604 15.6177 14.4854 16.1083 15.9408 15.4492 14.4922 14.7988 14.9122 13.9861 12.7554 11.5922 11.3132 10.5919 11.5532 11.8279 12.6889 13.9646 15.6383 15.7346 
14.5641 13.0998 13.2497 13.8477 14.608 14.2232 12.787 13.5139 13.9144 13.2617 13.9667 12.5625 12.8932 14.8055 14.593 13.6877 15.2838 14.8107 15.3881 15.3873 14.3144 13.8824 14.8439 15.3583 15.226 14.2537 14.8058 16.4456 16.6686 15.5155 15.404 14.921 14.4812 16.0014 13.4154 10.9057 11.7801 12.4414 13.1654 12.476 13.7053 14.2717 14.2599 16.3429 
13.9252 13.7903 14.5671 15.459 16.5897 15.205 12.4923 12.9153 11.9135 13.1792 10.4815 10.5862 12.6859 12.6635 13.4865 14.0674 14.7901 14.6656 16.2872 15.5212 16.1387 15.3375 16.4766 14.8674 15.1195 15.7262 14.9984 15.9479 16.321 15.234 15.7883 15.8245 16.7982 15.8641 14.4337 13.1696 12.692 12.0749 12.3201 12.5418 12.2833 13.6867 14.0899 15.4562 
13.6454 14.1277 12.1645 14.518 16.0098 14.0534 13.232 12.1503 12.9658 12.2851 11.6066 11.6008 11.7221 13.3119 14.5908 13.7395 14.8028 16.8501 16.6644 16.9717 16.756 15.6165 15.8277 16.1385 16.8647 13.763 14.7678 15.9706 16.4959 15.9218 16.0176 16.4807 15.9665 15.4696 15.9273 14.0208 14.7976 14.8537 13.3881 14.0612 12.3979 14.4601 14.1052 13.9071 
15.3386 13.882 15.1539 15.0543 14.0751 14.6849 12.665 12.4301 12.3849 11.5629 11.7309 10.8849 12.0098 13.4976 13.4013 14.2454 16.6416 15.45 17.8376 17.4294 17.3468 16.8666 16.6113 16.645 15.0971 15.0602 14.1705 12.2778 14.1662 13.7947 14.7717 14.2814 13.4551 14.9094 13.1681 12.9692 12.9057 12.7825 12.7085 12.508 12.1126 13.148 14.191 15.0895 
14.2867 15.0498 14.4098 15.6297 15.7259 13.2743 14.3498 14.6552 12.3943 14.1016 12.6808 11.5169 13.0371 14.8363 14.6701 15.7049 16.1332 16.8507 18.5711 17.5763 16.3976 16.4694 17.2931 14.8869 16.9564 14.4511 14.462 14.4015 14.5292 13.437 15.4357 15.0606 14.0773 14.5584 14.0151 14.4429 12.2378 13.811 11.7921 12.9898 13.6977 13.5059 14.5585 14.5235 
15.7231 16.7849 14.972 16.8621 16.1841 15.0895 13.7693 11.9867 14.7668 13.1274 11.7019 13.2562 13.7816 15.1577 16.2869 16.3961 15.6954 16.4938 18.0701 16.8626 16.2519 17.4655 15.6081 16.6746 16.5364 14.2823 14.639 14.3744 13.8831 14.3959 13.0604 13.6915 14.8181 13.9341 13.9855 12.7005 14.6826 13.6218 13.2104 14.0134 13.559 15.1132 14.7191 14.8825 
14.3014 14.266 15.7348 16.934 15.4168 14.7466 14.4016 14.4689 14.7698 14.3434 14.4155 12.5432 14.5679 16.5609 16.4871 16.4449 18.3896 16.5085 16.768 16.2786 15.3508 15.4224 14.5678 14.8649 14.2896 14.351 12.6935 13.31 13.4988 13.4122 13.774 14.2287 13.4911 13.3591 12.8418 12.8583 13.4316 13.7333 14.2952 14.9737 14.6937 15.8788 17.156 16.6825 
15.0127 15.2312 15.5461 16.8516 16.687 13.626 14.2242 14.2969 14.2133 14.552 13.897 14.184 14.0212 15.4354 15.3545 14.0546 14.7222 15.2942 15.9865 16.2742 15.7969 15.3249 15.5688 14.8429 16.044 15.3249 14.0007 13.0521 12.5708 12.3894 13.3032 13.7669 14.0912 13.8603 13.4229 13.9927 13.762 14.5217 13.5896 14.4079 13.3398 15.0433 15.5799 15.4116 
16.1323 15.7502 15.9003 17.8429 15.7753 15.557 15.9058 15.327 16.1116 15.9713 15.2535 15.205 15.9595 16.9339 16.948 15.7572 14.3876 13.8397 15.6544 15.3019 13.7938 15.614 14.3271 14.9465 15.873 13.3224 14.4332 13.9591 13.8569 13.688 13.5657 14.2871 14.385 14.0828 13.6908 14.8872 14.8052 14.7122 15.3812 15.027 15.3048 15.8374 15.2981 14.4806 
16.1834 15.9564 16.8547 17.6742 15.5339 16.8098 15.5037 15.8572 16.2752 15.4814 14.7739 14.6866 15.3187 16.4709 17.0653 15.9797 17.5119 16.2706 16.1346 15.8672 15.7975 14.8681 14.3426 15.7087 14.8867 13.217 13.8536 12.9285 12.9664 14.398 12.6764 15.5086 14.4307 13.3195 13.5821 13.9683 13.95 13.1982 13.091 14.1173 15.4777 15.626 17.2511 15.609 
16.1879 14.5371 16.4234 17.2147 16.4831 15.3843 15.197 16.6498 16.8905 15.9106 15.1652 14.4229 13.872 15.9151 15.4872 14.6638 13.6739 14.1285 15.2657 14.3583 13.9966 12.7788 15.1759 15.1221 14.6855 15.4752 14.8578 15.1374 14.5039 16.4403 16.1816 15.7575 15.7564 15.7813 15.4106 15.0323 15.0174 13.8955 13.4983 12.6022 14.4806 15.613 14.3901 15.7348 
16.9685 14.9934 16.1896 17.6253 17.3067 16.2858 14.8887 14.9757 17.5768 16.352 15.4472 14.2069 14.0606 15.2565 15.0441 14.5477 14.2872 12.4048 13.8993 14.7337 13.6097 14.4995 13.9673 14.9908 16.6673 16.0502 16.1565 14.9973 15.5373 15.915 15.4115 16.1856 15.4957 14.652 14.8607 15.1936 14.1407 14.7662 15.2981 14.7997 15.3526 14.4154 14.0871 16.2271 
14.1885 14.2059 16.6479 17.2852 16.6441 16.0264 14.5815 15.7535 17.192 15.1371 15.6322 14.8881 13.5822 14.3737 14.2665 14.3426 14.0543 13.0646 13.9996 14.7443 15.7326 15.3091 13.5272 15.4599 14.7949 15.2061 16.3194 14.5068 14.9505 14.7741 15.5197 14.6659 15.9195 15.0307 15.5054 15.1809 14.1999 15.0587 13.8364 14.0651 15.0529 14.8885 15.2558 15.9945 
16.314 14.3822 14.3706 16.8557 17.3302 15.8664 14.3613 15.0338 15.5534 14.3071 12.0888 11.7846 12.1746 12.2394 12.1075 13.519 12.6662 12.8018 13.1413 14.7942 13.5552 13.355 14.5414 15.1744 15.0384 15.2632 13.9651 14.5243 14.7761 15.0841 13.372 13.5931 15.1529 14.8938 14.8847 16.7015 15.8957 16.2938 15.5383 13.7756 14.0085 13.3517 13.8278 14.0561 
16.7033 14.8732 16.1662 15.6273 15.3649 16.8259 16.4689 15.8279 16.7782 15.3669 14.9977 15.5919 12.9829 14.3028 14.581 14.506 13.7088 14.7273 15.5608 16.0406 14.5309 14.7907 13.3343 14.8376 14.2202 14.4316 14.0702 13.2058 14.0799 15.3073 14.2089 15.386 14.5991 14.3852 14.8637 15.3742 15.3297 14.2873 15.7354 15.9081 15.5942 14.6412 14.1414 14.6485 
15.3822 15.3949 14.264 15.4717 16.0861 15.5654 14.6609 15.52 16.8389 15.6934 14.8581 14.7775 14.4758 15.5884 15.6603 16.1738 14.5504 13.823 15.6698 16.3678 16.5411 15.6245 13.4648 15.3892 14.8508 15.2071 15.2176 14.8113 14.8105 14.5232 13.7897 14.7753 14.9597 14.5588 15.3406 16.0268 16.1933 14.4911 14.5486 14.7363 15.1789 14.9541 13.9819 14.4899 
14.2629 13.1634 12.4629 15.9581 15.3519 15.1394 15.0325 15.2247 16.0689 15.5519 14.2542 13.0681 13.8986 13.9115 14.8599 15.4108 15.1843 15.0678 14.3088 14.0389 14.2455 12.7132 12.3239 13.5644 13.2239 13.71 13.7393 12.3658 14.7208 14.7181 13.4345 13.2178 14.2676 13.4838 14.4168 15.3898 15.1769 16.5403 15.4876 16.936 17.0331 14.3829 15.7138 13.0522 
14.4947 14.2667 15.7266 15.5333 15.7083 16.1612 15.9487 14.5635 15.4925 14.6371 14.3935 14.3268 14.1736 13.7517 14.4218 14.5962 14.1644 13.7315 13.4795 14.8619 14.7161 13.5626 12.8662 14.8737 15.1836 14.2622 13.809 12.8582 12.963 12.5431 11.1707 12.0246 12.8266 12.4221 13.9607 14.5318 14.2045 15.58 16.0165 15.9565 16.9724 16.0341 14.0469 14.497 
14.4004 14.5925 14.4115 15.1328 16.2871 15.3867 16.9103 16.6708 14.5111 14.5782 13.9044 14.1653 13.8241 13.9408 14.7097 15.4578 14.324 13.7466 14.1107 14.6903 14.615 12.537 12.4871 12.3956 12.7709 12.8031 13.0701 13.241 13.4801 13.4237 13.6325 13.985 13.5787 13.9635 14.0787 14.716 15.621 15.4678 15.7686 15.5991 15.7042 14.886 13.3089 15.3157 
15.8369 14.1613 14.0359 13.2841 13.3211 15.0579 13.5755 12.494 11.9617 13.323 11.8634 13.0896 13.0201 14.2582 13.5035 15.8297 14.7814 14.3348 13.725 13.3707 12.4364 11.1248 11.4084 13.0856 13.1857 12.2735 12.8795 11.534 12.8271 13.6535 12.4895 13.1968 14.555 14.1172 15.6219 15.1056 15.3011 16.5411 16.5319 14.8882 16.4212 15.0783 13.9098 14.9898 
14.3387 14.528 15.4118 14.0867 13.8164 14.6113 14.2165 14.1714 13.2082 12.6011 13.2314 13.3278 14.3382 14.5936 15.2526 14.1041 13.7312 14.5215 13.5845 13.6932 11.8636 12.2585 12.5968 12.7459 13.3587 13.9497 13.3047 14.971 14.8767 14.9005 15.0513 13.8248 15.1995 14.8786 15.6719 15.0074 14.0162 14.9962 15.7367 14.8773 15.6329 14.0042 14.2581 15.5006 
14.6059 15.455 15.6602 14.3225 14.6117 13.9619 14.5384 13.1992 13.2018 13.1235 12.7535 13.015 13.764 14.5416 15.0292 14.0211 14.0293 12.767 13.374 13.3881 12.0701 12.2792 13.3549 13.6524 15.4398 14.9877 13.1578 15.2737 15.7529 13.8759 14.7551 14.6424 14.9751 15.3397 14.8619 14.6322 14.4266 14.2113 13.6241 14.7442 15.8797 14.8403 13.7263 14.3815 
14.5908 15.048 15.0782 13.9224 12.977 12.5081 13.382 12.2718 11.9447 11.7194 11.9543 13.6873 14.652 15.2507 14.6251 15.3592 13.271 13.5929 14.2468 12.5219 11.4945 11.7426 13.3487 13.4047 13.6715 14.5996 14.6836 14.7642 15.4684 15.1896 15.0936 13.7525 14.6595 14.708 15.7964 15.3071 14.1155 15.3796 16.3784 15.2332 15.7914 15.5534 15.865 15.9169 
15.3049 16.9246 14.6909 14.8174 13.7556 13.6943 14.4511 13.1581 13.7477 12.5654 12.5523 13.08 14.0319 13.5806 14.373 12.0037 13.3826 12.5973 12.4805 12.8023 11.9589 12.6106 13.1897 16.2864 15.9673 14.2899 14.1066 17.1478 17.2466 14.2865 14.3924 14.1318 14.0044 15.248 13.5316 14.6703 12.5611 14.0647 14.1714 14.5048 15.098 13.217 13.8519 14.2824 
16.8501 15.6101 15.3906 14.3727 12.922 13.7715 13.4725 14.1324 12.3082 12.6692 14.0165 15.1198 14.6678 14.4052 13.5621 14.0194 13.096 13.71 14.1329 12.8282 11.943 11.8481 15.4898 14.8231 14.5767 15.6059 16.1178 17.0933 17.575 16.4732 15.3259 15.2032 14.688 14.2269 15.206 15.1783 13.538 13.9039 14.3995 16.0047 14.7243 14.1912 14.4949 15.7383 
15.2778 14.5492 14.8119 13.1516 14.3409 13.7529 15.1278 14.0065 13.6467 13.4708 13.8126 13.8357 14.695 14.8806 14.7847 13.6437 13.4463 14.6646 13.9791 13.4882 13.9052 13.0949 15.1385 16.3682 16.4031 14.0127 15.606 15.8208 16.1793 15.4238 16.0767 14.1734 14.2031 14.9963 16.2859 13.9818 13.4778 14.4507 15.1396 14.5953 15.3008 14.6765 14.2681 15.9145 
14.843 15.4937 15.6427 15.0585 14.6665 13.8445 15.9883 14.7509 14.1299 14.6774 14.4515 15.6575 14.1433 14.1862 15.6108 14.1869 13.4472 13.1384 14.7449 12.7728 12.8929 14.3586 15.5303 16.4004 14.732 16.4817 16.0394 16.5659 15.2842 14.5759 13.3005 14.0282 13.3936 13.8002 14.3495 13.8347 14.4728 13.9783 13.996 15.3354 14.5682 13.4947 15.9286 14.9016 
15.818 15.7836 15.6617 15.4617 14.4471 15.9038 14.7675 14.1519 13.3286 13.483 14.3277 14.7991 13.5308 13.0751 13.2281 12.3866 13.5338 13.3161 12.7117 14.2057 14.0732 14.7082 15.0009 16.268 16.0469 14.8631 15.133 16.3312 16.6216 14.8068 14.4976 13.701 13.4991 13.6171 13.3586 13.8693 13.3145 12.9737 14.2624 15.7161 14.4948 15.3233 14.7244 14.3624 
15.2805 15.2598 15.1574 13.5583 14.1242 15.0392 14.9282 14.4131 14.9203 15.3685 15.6985 13.5736 14.7122 15.3966 14.1913 12.3017 12.5931 15.6709 14.8908 13.8972 13.6015 14.2771 15.0644 15.2657 14.2359 14.1247 13.2124 14.7149 15.9078 14.7434 14.6442 14.2323 14.2637 14.5974 15.9426 13.9956 14.5311 14.71 14.9698 15.6217 16.6266 15.7351 15.487 14.344 
