11.5748 10.974 12.3619 11.1283 10.6916 12.2591 12.502 12.8164 12.2329 11.6477 13.4964 11.5098 14.853 13.6783 13.6239 12.3198 12.2142 13.5868 12.7562 
10.4055 11.2554 11.6249 10.0625 8.86178 11.8499 12.5063 12.1709 13.0996 12.295 12.7633 12.2961 13.4795 13.0118 12.7369 12.6015 11.5756 11.2839 12.318 
10.2068 10.4615 10.1052 10.1911 9.58337 10.8428 12.218 11.9855 13.0285 13.2554 11.9014 11.8088 12.9712 11.9451 13.0199 12.0416 12.9558 11.742 13.5267 
11.2798 10.1283 10.5796 11.5932 11.2829 11.3128 11.9978 12.3736 12.5363 14.3354 13.0863 11.667 12.7091 12.7367 13.2045 12.2323 12.1172 11.9308 12.2496 
11.0072 11.4845 11.2016 12.4667 11.9947 12.5106 12.5422 11.7479 12.4745 13.0192 12.3937 11.753 13.5868 13.1592 14.2924 13.252 11.8306 12.64 13.0481 
12.1781 11.9216 11.4431 12.0703 11.3143 11.7008 12.4104 11.7209 11.5688 12.9837 11.5835 12.0774 12.8183 13.3545 13.5042 12.2534 10.2257 12.0435 12.9376 
13.1047 13.0373 10.9165 9.92518 10.4353 10.121 12.2684 11.2531 11.1514 13.2187 11.4745 11.2129 11.3253 12.3148 11.9128 10.7572 9.64182 11.8172 11.7392 
12.0356 12.273 10.5957 10.3396 9.76852 10.8733 9.81733 10.7608 11.2766 12.8752 10.6472 10.2176 10.7569 11.4846 11.3497 11.1289 10.1457 11.3793 11.9946 
12.4058 11.6548 10.989 10.7147 10.8492 10.2004 10.4463 10.2664 11.3737 11.3686 10.6993 11.0362 9.9213 11.9605 12.7028 11.6805 10.5655 11.7106 12.2926 
13.077 11.8895 12.1482 11.9734 11.9187 10.2194 11.4839 11.1051 11.2088 11.6892 10.2109 11.5104 10.035 12.806 12.3249 11.7063 10.2479 11.576 10.8 
13.7856 13.2976 13.4241 12.4656 12.3433 11.664 10.6655 11.0345 12.1512 9.87613 10.1138 10.2348 9.9094 10.9044 10.9705 11.1712 11.1899 11.7367 11.4897 
13.6414 12.5312 11.0676 11.8884 10.1988 11.5684 10.998 10.3702 11.2711 9.6345 10.4594 9.49841 9.71478 11.4115 10.9775 9.99654 11.6269 11.9984 12.2753 
12.6521 11.9835 10.1 11.7503 11.2981 11.416 10.3198 10.0358 11.6697 11.0779 10.097 9.33426 10.2995 10.6204 11.6086 10.2906 12.1191 12.0724 12.4775 
12.2781 11.6617 12.135 12.3029 11.9278 11.2992 9.91053 11.4697 12.192 11.3341 10.9319 10.8504 10.5895 11.5838 10.9378 11.7411 12.629 12.5985 14.5132 
12.5523 11.9805 12.7012 12.0988 11.8542 12.7423 10.3787 11.5158 12.4549 11.1965 11.6955 11.7906 11.8277 11.9245 11.6581 11.971 12.1227 12.8136 13.6628 
13.4992 12.5782 11.6363 12.5658 10.9402 10.8024 10.9649 11.346 11.1972 10.615 10.8419 10.4349 10.7666 11.5442 11.7632 11.3944 11.3769 12.1119 12.3471 
12.0912 10.6699 10.757 10.3521 9.517 8.65792 10.4454 11.2553 12.0015 11.5192 10.8487 12.0252 11.8278 12.4578 12.1082 13.0606 13.852 12.2656 12.3146 
12.1506 11.132 11.0252 11.2676 10.4318 9.34267 10.6052 11.854 12.8876 12.0504 12.8421 12.9332 13.7848 14.001 12.5226 13.8136 13.729 14.1868 12.7151 
11.6217 11.2719 10.608 11.6582 10.0975 9.13148 10.2758 10.8382 12.2794 12.0986 11.3923 12.8971 14.7735 14.1811 12.7396 13.6749 13.174 13.6143 13.4454 
