0.633599 0.696965 0.499853 0.157092 0.554528 0.59805 0.50785 0.062353 0.302904 0.078682 0.704598 0.311988 0.56592 0.474119 0.32264 0.241314 0.482342 0.32277 0.633121 0.743742 0.193596 0.393094 0.685383 0.695401 0.544831 0.0713854 0.516318 0.325382 0.338543 0.719319 0.622319 0.414244 0.68083 0.397427 0.0798953 0.65552 0.402621 0.564536 0.567454 0.423417 0.531226 0.354306 0.185647 0.667717 0.00365098 0.1931 0.396563 0.613391 0.449311 0.731525 
0.65456 0.256534 0.253512 0.334509 0.595898 0.229342 0.0385469 0.215042 0.267572 0.275984 0.382515 0.653555 0.671902 0.444306 0.615829 0.500057 0.717113 0.644357 0.697053 0.181897 0.593615 0.494837 0.294394 0.230278 0.7264 0.0505529 0.255339 0.228854 0.580631 0.431227 0.527805 0.6101 0.693839 0.543716 0.705679 0.147844 0.393139 0.141764 0.121404 0.351001 0.563432 0.0311609 0.0801885 0.471246 0.745057 0.460011 0.75141 0.348611 0.0709665 0.270448 
0.351723 0.614549 0.741669 0.729796 0.690804 0.126043 0.445781 0.268682 0.0287281 0.67472 0.69691 0.629197 0.645611 0.597865 0.505869 0.334786 0.716992 0.249348 0.228127 0.681787 0.186394 0.732423 0.51885 0.752929 0.485617 0.352948 0.622738 0.660589 0.534321 0.0817213 0.574405 0.45768 0.0885514 0.0393457 0.125735 0.415958 0.662514 0.602911 0.598508 0.428576 0.482932 0.0592794 0.335918 0.384137 0.219839 0.0695873 0.309656 0.437096 0.567785 0.527522 
0.643802 0.424334 0.633592 0.498488 0.460165 0.745352 0.75368 0.544886 0.572257 0.695102 0.481343 0.425846 0.138151 0.316037 0.332234 0.704787 0.397495 0.416209 0.675396 0.60729 0.759278 0.364209 0.614051 0.644787 0.493203 0.574691 0.75231 0.630951 0.667644 0.590647 0.538201 0.425075 0.0834842 0.601701 0.737176 0.002165 0.272092 0.712069 0.398514 0.736971 0.610706 0.0177921 0.639743 0.39934 0.251997 0.464742 0.578131 0.470338 0.760605 0.378307 
0.186658 0.383869 0.222373 0.27896 0.444014 0.270809 0.330971 0.400532 0.667959 0.585061 0.695485 0.313236 0.644317 0.571033 0.0566254 0.110421 0.0102106 0.271425 0.711898 0.535869 0.36203 0.660986 0.55284 0.652386 0.316723 0.569187 0.442211 0.214248 0.629276 0.488356 0.362471 0.475402 0.431295 0.0243882 0.55534 0.710161 0.299961 0.607175 0.425021 0.562091 0.743261 0.557184 0.733259 0.119059 0.65229 0.744947 0.382516 0.375479 0.397942 0.206897 
0.334557 0.407773 0.709532 0.15418 0.382928 0.464014 0.247708 0.729639 0.6975 0.15001 0.523812 0.522439 0.552076 0.557493 0.0546415 0.699402 0.395794 0.629978 0.745158 0.301617 0.53211 0.671077 0.545541 0.0446992 0.710945 0.712797 0.496656 0.281974 0.364258 0.207552 0.575275 0.290908 0.425242 0.737921 0.746078 0.699102 0.425915 0.205545 0.657725 0.0307433 0.134745 0.395762 0.591878 0.69589 0.722053 0.0595973 0.751292 0.733742 0.721208 0.324041 
0.581715 0.271166 0.173307 0.176861 0.0918524 0.322374 0.326423 0.673807 0.509945 0.0592675 0.156159 0.213586 0.206502 0.3734 0.425489 0.733107 0.191503 0.722516 0.551425 0.717282 0.461496 0.411101 0.560335 0.521256 0.719834 0.58453 0.677658 0.05735 0.67472 0.139721 0.296568 0.619844 0.240948 0.626697 0.705764 0.0137181 0.235211 0.629957 0.732043 0.311352 0.399806 0.726478 0.0972417 0.276257 0.541602 0.608819 0.617646 0.437418 0.654309 0.534308 
0.646692 0.667616 0.457194 0.740152 0.0501449 0.713132 0.00911675 0.497116 0.56209 0.556709 0.566639 0.21282 0.489953 0.575909 0.339599 0.114434 0.488017 0.112327 0.630701 0.533823 0.339862 0.353809 0.572496 0.634001 0.41187 0.249778 0.675035 0.564447 0.743069 0.331138 0.0196315 0.749096 0.483639 0.415925 0.246711 0.549033 0.165696 0.53168 0.154675 0.602681 0.597605 0.323993 0.475687 0.682154 0.655992 0.34923 0.721808 0.158038 0.730054 0.336126 
0.455366 0.676679 0.0274791 0.410628 0.511453 0.601884 0.671164 0.291282 0.692876 0.623089 0.628357 0.240799 0.497944 0.717668 0.23892 0.0854213 0.674437 0.709195 0.718448 0.0438788 0.460132 0.696563 0.333175 0.0972229 0.709354 0.462067 0.507948 0.657753 0.128074 0.378373 0.308698 0.40695 0.563288 0.278759 0.282335 0.132156 0.163302 0.330715 0.755792 0.611762 0.719664 0.698977 0.128562 0.00593593 0.221104 0.437584 0.377657 0.647898 0.139446 0.70053 
0.719637 0.500801 0.687956 0.485745 0.571411 0.350946 0.30782 0.738071 0.559926 0.0387875 0.491953 0.617 0.104243 0.700133 0.0688748 0.752406 0.501724 0.570481 0.669202 0.325191 0.711712 0.590763 0.674582 0.295655 0.313122 0.442634 0.470113 0.172039 0.390445 0.171912 0.518501 0.137044 0.734462 0.758686 0.707068 0.567581 0.495156 0.27454 0.0697466 0.10678 0.222475 0.207192 0.678856 0.46609 0.17415 0.724165 0.100739 0.717044 0.720075 0.731971 
0.708269 0.350865 0.0289339 0.726699 0.63644 0.706045 0.638718 0.509036 0.456517 0.612223 0.18924 0.734034 0.592603 0.536462 0.634226 0.0367674 0.498074 0.496069 0.653782 0.168437 0.604647 0.67979 0.142011 0.581228 0.263686 0.753271 0.700506 0.115737 0.538744 0.675124 0.289919 0.145421 0.651135 0.552477 0.506026 0.209104 0.248747 0.498466 0.256916 0.629309 0.357967 0.254166 0.137501 0.0767557 0.196101 0.727383 0.386552 0.195604 0.551932 0.638816 
0.0238105 0.362371 0.454445 0.299812 0.389904 0.761013 0.316838 0.632652 0.753486 0.661678 0.572559 0.631088 0.227247 0.130556 0.140767 0.723706 0.361648 0.0701566 0.71867 0.73156 0.223333 0.227338 0.300315 0.728733 0.631387 0.594303 0.728533 0.406172 0.420398 0.238002 0.436919 0.237701 0.0993531 0.714272 0.173921 0.666023 0.659427 0.559237 0.185825 0.752378 0.189945 0.755293 0.294037 0.603368 0.303212 0.691322 0.271648 0.609129 0.544033 0.274153 
0.0811959 0.316322 0.596348 0.105721 0.687899 0.751026 0.0337232 0.625097 0.684251 0.405722 0.719831 0.120346 0.516598 0.617389 0.712936 0.532026 0.744696 0.30392 0.0682467 0.0419184 0.633506 0.654805 0.736744 0.68742 0.10125 0.385079 0.339394 0.505271 0.28537 0.643863 0.402194 0.262883 0.255342 0.485633 0.551988 0.757916 0.741401 0.130311 0.604533 0.271199 0.552318 0.336916 0.344744 0.472453 0.479729 0.438255 0.437537 0.606679 0.0100787 0.761474 
0.657586 0.511368 0.442391 0.709976 0.553299 0.632061 0.0690609 0.539301 0.307277 0.724168 0.686804 0.663892 0.74574 0.653743 0.735619 0.326266 0.214383 0.252626 0.684029 0.445331 0.731444 0.544672 0.213176 0.612343 0.10685 0.723987 0.676702 0.0902904 0.679226 0.529899 0.00565194 0.585164 0.680359 0.673657 0.359102 0.681256 0.61933 0.633663 0.751296 0.356941 0.418091 0.230467 0.0797344 0.729125 0.239932 0.595813 0.459483 0.211529 0.408868 0.727249 
0.450334 0.650069 0.131038 0.719838 0.506997 0.294926 0.333351 0.367479 0.115838 0.338171 0.614865 0.421929 0.631993 0.722866 0.760775 0.0622096 0.449695 0.549454 0.608863 0.405821 0.291981 0.0402373 0.111833 0.118183 0.189926 0.506825 0.119247 0.605641 0.370845 0.537904 0.714461 0.249233 0.172178 0.270658 0.00422397 0.170339 0.362443 0.34034 0.694588 0.456719 0.383596 0.243689 0.620058 0.246106 0.147967 0.353746 0.388593 0.0609972 0.351879 0.588706 
0.0599241 0.367726 0.559586 0.627453 0.473334 0.498528 0.141881 0.476267 0.579707 0.370187 0.31232 0.390367 0.639888 0.488791 0.728999 0.655597 0.675851 0.12457 0.114188 0.521732 0.756335 0.111176 0.504316 0.513702 0.74317 0.382922 0.416382 0.748996 0.150027 0.315693 0.591699 0.749368 0.43854 0.411086 0.734166 0.620897 0.258795 0.0262969 0.465572 0.445192 0.692804 0.0137971 0.497191 0.752535 0.0559844 0.280074 0.63309 0.61798 0.667521 0.666226 
0.578379 0.365566 0.279349 0.373297 0.0816866 0.7575 0.301124 0.552696 0.262268 0.192207 0.162513 0.151931 0.340374 0.499297 0.64522 0.300797 0.529757 0.367956 0.550801 0.685965 0.701155 0.404341 0.712579 0.408256 0.210151 0.721371 0.479932 0.285753 0.645396 0.0992264 0.105528 0.65 0.0419084 0.719627 0.561427 0.416483 0.0601553 0.466595 0.359294 0.329821 0.0903539 0.104641 0.219799 0.699491 0.357957 0.312355 0.629514 0.497238 0.68274 0.0559455 
0.728135 0.758827 0.487087 0.674624 0.354242 0.491458 0.701829 0.382617 0.369175 0.370188 0.236691 0.122718 0.70739 0.264169 0.39743 0.221445 0.0405627 0.00764785 0.612269 0.730188 0.392385 0.401136 0.0328112 0.153672 0.669106 0.201942 0.271039 0.448591 0.668508 0.582179 0.210806 0.594542 0.480517 0.424354 0.460591 0.206086 0.391172 0.54492 0.474756 0.343228 0.435787 0.731257 0.604153 0.356423 0.581826 0.0607929 0.697576 0.462667 0.707773 0.262866 
0.687805 0.6161 0.199729 0.112585 0.384635 0.154875 0.723579 0.400053 0.214443 0.0562844 0.230198 0.515779 0.001709 0.607142 0.727479 0.5333 0.753051 0.677041 0.667716 0.657259 0.725797 0.127245 0.575152 0.521085 0.71449 0.706886 0.30508 0.605834 0.381988 0.201292 0.447521 0.151087 0.519505 0.515773 0.408726 0.628072 0.434365 0.690756 0.301689 0.726477 0.0147599 0.26886 0.519435 0.602215 0.640049 0.726785 0.70665 0.45757 0.13741 0.703962 
0.308325 0.219737 0.292674 0.0704541 0.0801269 0.703697 0.125473 0.754537 0.740139 0.688804 0.712382 0.510237 0.714019 0.671253 0.37563 0.694077 0.755098 0.484293 0.541944 0.738813 0.325323 0.749225 0.724801 0.183255 0.500049 0.0768372 0.602201 0.537386 0.253111 0.205042 0.578118 0.106153 0.281837 0.393877 0.738678 0.201456 0.52287 0.287632 0.758565 0.733987 0.125879 0.409183 0.66901 0.0578543 0.549744 0.754125 0.138197 0.71455 0.710774 0.0616985 
0.286444 0.0311829 0.633565 0.753977 0.684643 0.315925 0.206423 0.75188 0.276638 0.108824 0.203327 0.171803 0.433952 0.541695 0.171341 0.0766951 0.190408 0.219829 0.745348 0.623544 0.000487 0.0576859 0.207776 0.61234 0.477285 0.40875 0.0345123 0.654966 0.278385 0.256542 0.667095 0.202239 0.449596 0.60983 0.543338 0.634941 0.695565 0.200628 0.565914 0.28623 0.739006 0.305889 0.413203 0.744699 0.0473456 0.629488 0.376394 0.122082 0.472135 0.672185 
0.748035 0.101159 0.350309 0.58602 0.405901 0.691599 0.233833 0.346277 0.307186 0.652785 0.756653 0.592927 0.572484 0.706854 0.524789 0.522961 0.735134 0.0162356 0.726734 0.315451 0.679349 0.00489196 0.572199 0.0160716 0.41558 0.110411 0.609737 0.414248 0.433748 0.431975 0.0608159 0.666604 0.364349 0.711541 0.00799783 0.359593 0.682495 0.742912 0.576944 0.0216016 0.263123 0.220568 0.28678 0.557656 0.456974 0.649615 0.759231 0.355427 0.131128 0.226086 
0.677758 0.64009 0.369314 0.631259 0.135087 0.123088 0.384981 0.542667 0.698374 0.213979 0.53933 0.570219 0.100095 0.0670005 0.578947 0.718715 0.469181 0.651047 0.749743 0.708434 0.476262 0.256566 0.529715 0.220983 0.494368 0.288526 0.597483 0.650602 0.383204 0.00378298 0.230608 0.692519 0.281562 0.511283 0.373845 0.161662 0.625155 0.462942 0.684064 0.344265 0.322015 0.674432 0.674489 0.0531997 0.288916 0.5008 0.0396871 0.370399 0.383441 0.579892 
0.0409571 0.149561 0.395124 0.673464 0.627644 0.255668 0.656779 0.686638 0.758238 0.254374 0.719911 0.213601 0.679432 0.295202 0.670088 0.511826 0.0883391 0.105111 0.147585 0.134021 0.689494 0.509275 0.58182 0.169127 0.210338 0.664204 0.475555 0.479767 0.453194 0.00828181 0.321869 0.203575 0.607845 0.680728 0.185821 0.0811621 0.604095 0.184829 0.691383 0.0316884 0.599607 0.347954 0.247635 0.184994 0.626588 0.460837 0.679402 0.701955 0.496473 0.630075 
0.720352 0.120374 0.358165 0.76088 0.723134 0.580742 0.522447 0.288526 0.238983 0.743153 0.440778 0.226363 0.31064 0.433953 0.760052 0.425869 0.330873 0.0108536 0.684922 0.472432 0.593989 0.309994 0.581396 0.523675 0.75747 0.0247729 0.0944268 0.544715 0.135503 0.134956 0.470247 0.65991 0.589258 0.514597 0.318401 0.20417 0.628798 0.430758 0.251748 0.622451 0.368865 0.35685 0.223069 0.4505 0.232355 0.7354 0.311704 0.310461 0.733538 0.549942 
0.396941 0.494138 0.520428 0.422458 0.509905 0.269152 0.2977 0.546958 0.232742 0.506218 0.179405 0.733441 0.0121274 0.134622 0.744408 0.209093 0.280573 0.493205 0.0851295 0.599983 0.410144 0.135871 0.690418 0.70271 0.296187 0.616103 0.584598 0.591266 0.290369 0.165941 0.166129 0.0382503 0.228402 0.502475 0.317407 0.492287 0.732108 0.453828 0.752223 0.398872 0.286134 0.610208 0.158297 0.222669 0.0114295 0.297082 0.0524997 0.586886 0.666953 0.713857 
0.0817025 0.353736 0.54308 0.0723563 0.411463 0.712687 0.263188 0.529974 0.541193 0.750373 0.283741 0.724324 0.442702 0.374509 0.666642 0.472028 0.495751 0.658625 0.587122 0.0712799 0.689175 0.103362 0.555808 0.43877 0.519427 0.421887 0.313428 0.704783 0.253308 0.0286082 0.108547 0.671257 0.577538 0.163704 0.587136 0.612702 0.435545 0.0801159 0.168482 0.715668 0.433239 0.661337 0.104204 0.445033 0.735762 0.729626 0.412765 0.0633411 0.501361 0.472352 
0.363497 0.570501 0.719078 0.198175 0.683907 0.706069 0.459089 0.460896 0.757613 0.137251 0.158124 0.434694 0.745822 0.56077 0.756443 0.515306 0.53718 0.0147229 0.728211 0.216917 0.39374 0.745947 0.712238 0.0975508 0.71164 0.688987 0.234641 0.642953 0.602252 0.605342 0.761527 0.159104 0.275589 0.525435 0.738131 0.366883 0.143034 0.539737 0.236973 0.457895 0.0540353 0.614043 0.207744 0.0323457 0.545538 0.505342 0.0293406 0.67782 0.0206681 0.472096 
0.747036 0.130428 0.545416 0.0217486 0.62988 0.546505 0.574917 0.712405 0.489267 0.238582 0.312782 0.62095 0.545639 0.76128 0.0550533 0.207259 0.296936 0.0326814 0.722087 0.270612 0.67798 0.698412 0.445717 0.699884 0.727423 0.531157 0.660094 0.69803 0.357618 0.431722 0.209947 0.649131 0.578759 0.231127 0.185349 0.44629 0.449112 0.500467 0.632136 0.748421 0.411046 0.6339 0.0107286 0.581815 0.627944 0.380482 0.605579 0.285652 0.0900127 0.452248 
0.30573 0.753103 0.475805 0.397504 0.491058 0.0727453 0.6143 0.697264 0.750719 0.0603585 0.619606 0.551462 0.495791 0.397746 0.0205031 0.403351 0.0654991 0.665962 0.372607 0.509144 0.665542 0.229199 0.211975 0.496421 0.731338 0.148986 0.586957 0.692678 0.488317 0.693926 0.758837 0.383001 0.706981 0.700796 0.556453 0.725274 0.0199913 0.427801 0.219868 0.0813081 0.740786 0.181504 0.634158 0.451969 0.0313867 0.123509 0.490629 0.162334 0.436567 0.125595 
0.00360498 0.485428 0.697093 0.615139 0.371795 0.74845 0.299575 0.754674 0.371147 0.49174 0.745574 0.525227 0.629075 0.679232 0.565979 0.443085 0.754316 0.352446 0.605651 0.572407 0.609792 0.290367 0.461393 0.753248 0.136885 0.576078 0.439234 0.0775142 0.207457 0.344544 0.304727 0.216952 0.467217 0.0264159 0.478417 0.386385 0.64077 0.199015 0.62645 0.181992 0.646957 0.441416 0.49279 0.162055 0.695936 0.758744 0.660086 0.661926 0.424932 0.080265 
0.687051 0.597052 0.424641 0.0338561 0.0314886 0.125536 0.689864 0.339904 0.0861122 0.366551 0.36794 0.339742 0.49107 0.281394 0.638994 0.474541 0.705924 0.41063 0.618959 0.686042 0.709013 0.0887092 0.399552 0.0232258 0.712448 0.304259 0.387138 0.232418 0.650855 0.699574 0.451732 0.615246 0.321606 0.669793 0.494417 0.470798 0.52296 0.750988 0.138059 0.424863 0.241517 0.464403 0.73669 0.550004 0.466996 0.376615 0.554654 0.467047 0.202221 0.617761 
0.535101 0.127531 0.214331 0.162829 0.00983768 0.551377 0.709834 0.662891 0.488239 0.198443 0.447182 0.385753 0.748608 0.751321 0.622869 0.346778 0.20549 0.702572 0.566954 0.612326 0.601724 0.466742 0.412541 0.51927 0.168041 0.18165 0.520498 0.159295 0.44592 0.229994 0.237976 0.694224 0.750826 0.221061 0.242029 0.70894 0.457971 0.291958 0.678005 0.505587 0.201441 0.708453 0.633362 0.618915 0.265103 0.483214 0.69223 0.714892 0.223891 0.0525994 
0.654769 0.206632 0.178311 0.177805 0.212579 0.512514 0.182692 0.751521 0.492547 0.717062 0.75926 0.62999 0.002229 0.0408582 0.645172 0.571114 0.402425 0.647828 0.564933 0.692325 0.525147 0.743966 0.0438189 0.0689375 0.684198 0.379731 0.700678 0.204697 0.637071 0.421819 0.152837 0.707921 0.698826 0.232332 0.681075 0.586921 0.259973 0.245074 0.685848 0.0556933 0.0782626 0.702798 0.389785 0.54398 0.569577 0.27526 0.708982 0.460293 0.748554 0.283803 
0.518821 0.216763 0.626983 0.706248 0.327216 0.195381 0.114984 0.650134 0.727231 0.648849 0.668145 0.438097 0.241908 0.0272732 0.280022 0.253166 0.399994 0.377625 0.183721 0.0537392 0.513586 0.750063 0.545269 0.412441 0.558548 0.725963 0.246061 0.387553 0.425504 0.410481 0.645385 0.500843 0.721822 0.0549057 0.56322 0.541124 0.47408 0.28763 0.72566 0.601338 0.471297 0.559725 0.473777 0.714355 0.698953 0.618956 0.655101 0.297331 0.581856 0.449975 
0.38331 0.189427 0.72626 0.00949971 0.293273 0.736818 0.6669 0.665494 0.411546 0.389047 0.42329 0.0416978 0.657877 0.577809 0.438723 0.690979 0.039779 0.333778 0.00510396 0.594544 0.439669 0.619453 0.388134 0.161913 0.328643 0.330783 0.593597 0.134746 0.318235 0.199954 0.239595 0.0313447 0.696333 0.323076 0.654037 0.389957 0.344504 0.712137 0.57209 0.685264 0.737407 0.404751 0.555734 0.0158307 0.712757 0.298708 0.227077 0.468397 0.75241 0.711993 
0.40271 0.348106 0.225432 0.515947 0.545859 0.00543795 0.291007 0.541824 0.182816 0.532892 0.575444 0.21746 0.685085 0.446435 0.689381 0.648224 0.0540014 0.678034 0.56833 0.503062 0.608186 0.429477 0.538539 0.00439297 0.37637 0.555582 0.669229 0.149937 0.46876 0.573179 0.730943 0.0111785 0.340252 0.606244 0.21394 0.136715 0.216177 0.201982 0.502469 0.635309 0.488561 0.412648 0.286572 0.131741 0.0760837 0.606491 0.56672 0.281425 0.47284 0.36899 
0.30372 0.709056 0.445361 0.13523 0.501558 0.554549 0.154586 0.708817 0.296024 0.714675 0.422585 0.450855 0.409899 0.0490626 0.722536 0.646568 0.406572 0.644915 0.28024 0.602026 0.567935 0.246232 0.0692151 0.374988 0.176233 0.513728 0.37016 0.700071 0.401639 0.711371 0.585999 0.411801 0.257852 0.128379 0.559188 0.568471 0.714032 0.520183 0.427411 0.0328372 0.576818 0.483996 0.132641 0.135302 0.301536 0.542663 0.186809 0.413513 0.51569 0.152556 
0.0788271 0.622449 0.629555 0.712853 0.671306 0.152609 0.137811 0.299414 0.350573 0.527912 0.174185 0.625488 0.248314 0.0910462 0.649384 0.270876 0.358323 0.156526 0.691579 0.274349 0.732778 0.324968 0.104673 0.24752 0.254868 0.641876 0.634754 0.113424 0.759873 0.215896 0.68365 0.715435 0.738305 0.721839 0.703706 0.713827 0.41171 0.750061 0.549923 0.515123 0.443233 0.0986452 0.709138 0.441782 0.630002 0.247066 0.291038 0.753617 0.701457 0.4198 
0.294018 0.234906 0.300526 0.371677 0.149583 0.00501896 0.078031 0.72372 0.273215 0.669378 0.477028 0.740989 0.759151 0.648897 0.372224 0.747257 0.0702899 0.677622 0.513355 0.580069 0.53168 0.699462 0.0517308 0.0678068 0.124758 0.36011 0.670443 0.439377 0.703899 0.690653 0.559955 0.538655 0.130595 0.211913 0.397726 0.162722 0.697117 0.0532197 0.357711 0.420072 0.045751 0.328973 0.504357 0.272968 0.126072 0.254798 0.445468 0.704989 0.373183 0.59461 
0.64438 0.729017 0.377781 0.690296 0.663918 0.651504 0.602654 0.622049 0.556 0.176438 0.260997 0.22076 0.480814 0.675891 0.504354 0.451006 0.588951 0.617759 0.405247 0.138953 0.329518 0.500926 0.352354 0.666273 0.537195 0.691814 0.200034 0.613824 0.673907 0.596092 0.732836 0.68566 0.602524 0.219781 0.552334 0.619333 0.380627 0.325872 0.721003 0.382188 0.0809386 0.25143 0.360407 0.470606 0.653436 0.731849 0.631179 0.759677 0.678605 0.544393 
0.664803 0.58117 0.69487 0.706319 0.437431 0.0465194 0.555957 0.633981 0.73157 0.437629 0.135854 0.550964 0.586718 0.599433 0.429564 0.313888 0.457019 0.329424 0.701085 0.593376 0.608872 0.062343 0.107189 0.548727 0.05166 0.735753 0.685457 0.0358816 0.0265298 0.0126663 0.0140411 0.419708 0.173377 0.129526 0.0805134 0.386456 0.685679 0.124349 0.511983 0.515349 0.365695 0.469328 0.198283 0.291938 0.74832 0.559496 0.0259851 0.68321 0.182429 0.181409 
0.250878 0.124844 0.380536 0.103004 0.347774 0.701211 0.283654 0.633099 0.517772 0.148496 0.144318 0.365248 0.51396 0.473591 0.577763 0.6736 0.72117 0.52028 0.21233 0.347137 0.66434 0.612625 0.0402852 0.189645 0.236678 0.0192566 0.530988 0.459669 0.422375 0.23516 0.351879 0.675467 0.635172 0.113814 0.689331 0.744678 0.529003 0.686087 0.360491 0.365852 0.707955 0.304993 0.604307 0.731 0.21057 0.352822 0.236196 0.12045 0.56637 0.659461 
0.0647692 0.136482 0.343606 0.528438 0.711242 0.750242 0.506243 0.472712 0.737074 0.198824 0.209063 0.460531 0.324013 0.696388 0.294909 0.155001 0.0236006 0.107653 0.667786 0.459265 0.556437 0.384895 0.168497 0.538446 0.621598 0.551049 0.14692 0.333444 0.394692 0.727736 0.710359 0.507064 0.196928 0.320669 0.573914 0.597952 0.353265 0.50421 0.238471 0.60336 0.7135 0.0824792 0.628776 0.726431 0.555526 0.726709 0.579002 0.394882 0.597905 0.547446 
0.704612 0.736304 0.504364 0.375274 0.738055 0.324831 0.755239 0.628524 0.718813 0.741783 0.640445 0.173856 0.121414 0.702927 0.259459 0.737028 0.701565 0.631901 0.671343 0.185666 0.680757 0.339865 0.3606 0.327573 0.612951 0.0969664 0.591612 0.257363 0.330154 0.289938 0.202886 0.73355 0.263089 0.318994 0.323704 0.486802 0.105048 0.101235 0.22636 0.709414 0.512419 0.230761 0.0226441 0.676554 0.349452 0.616907 0.614122 0.124724 0.689667 0.267887 
0.557159 0.0222014 0.500091 0.162628 0.502439 0.673734 0.47977 0.271335 0.704421 0.193472 0.364855 0.530356 0.0791511 0.711745 0.556425 0.0635821 0.453932 0.147024 0.514988 0.646554 0.0526951 0.740842 0.595899 0.138076 0.0319441 0.708114 0.154124 0.714906 0.396109 0.388759 0.720913 0.16639 0.660015 0.67706 0.748173 0.736567 0.492406 0.265349 0.243961 0.362539 0.739139 0.71862 0.362705 0.538784 0.0250318 0.702619 0.593338 0.504729 0.557281 0.701236 
0.446742 0.0597468 0.691703 0.341493 0.0263369 0.194464 0.111216 0.68181 0.683066 0.588695 0.298912 0.147892 0.715118 0.67029 0.0152788 0.383334 0.632217 0.526818 0.720113 0.179193 0.71386 0.720851 0.543427 0.76051 0.702008 0.620978 0.610857 0.614748 0.38868 0.0914656 0.0770043 0.405425 0.112414 0.615489 0.750376 0.194689 0.605169 0.0562874 0.206506 0.550548 0.479787 0.0096197 0.418293 0.0968554 0.30703 0.561837 0.14353 0.537236 0.537174 0.259317 
0.677041 0.282616 0.459818 0.460947 0.0698929 0.459359 0.268332 0.133265 0.199718 0.580934 0.599194 0.346418 0.495545 0.371368 0.75371 0.759513 0.0226861 0.68282 0.358127 0.755294 0.586649 0.639916 0.481271 0.428472 0.500796 0.12948 0.605865 0.65577 0.226506 0.586712 0.49953 0.706012 0.296143 0.60761 0.761425 0.456225 0.261492 0.59677 0.347945 0.429825 0.648689 0.136296 0.328807 0.374738 0.579312 0.205732 0.0465613 0.144534 0.43606 0.745411 
0.505179 0.0353283 0.522623 0.591438 0.690472 0.189107 0.408056 0.396009 0.502059 0.335748 0.623327 0.0606076 0.74751 0.666579 0.348248 0.75772 0.166381 0.68989 0.686083 0.415253 0.686698 0.29685 0.490545 0.180639 0.13967 0.259728 0.445397 0.287745 0.0425263 0.42088 0.726736 0.0731203 0.622698 0.442645 0.658125 0.114895 0.156743 0.691846 0.184284 0.425464 0.00387698 0.494469 0.244751 0.583119 0.678411 0.0814988 0.638542 0.753864 0.279037 0.150285 
0.131624 0.758131 0.0234807 0.257079 0.163895 0.672071 0.45662 0.0884393 0.743088 0.62618 0.504636 0.444429 0.340539 0.642412 0.743913 0.175653 0.153129 0.746064 0.509769 0.145785 0.307833 0.151967 0.160321 0.463396 0.709074 0.574937 0.247449 0.7398 0.342044 0.298074 0.0943347 0.516758 0.345541 0.564908 0.696633 0.420306 0.384629 0.0391041 0.732946 0.737836 0.706442 0.664469 0.715913 0.381341 0.0952623 0.545329 0.32352 0.18864 0.748933 0.323901 
