2.50874 2.93188 2.2189 1.73425 1.67195 2.54233 2.41797 2.35014 2.52851 1.75431 2.11988 2.44427 1.76531 1.64425 1.26336 2.23947 2.17933 2.98219 3.02567 3.15515 3.20698 3.3101 2.51344 2.66525 1.19933 1.79835 1.37874 1.95888 1.47819 1.83737 1.63149 1.88698 1.64702 2.38211 1.79486 2.26909 2.41392 2.53156 3.0387 2.50467 2.17709 1.74021 2.51026 2.06573 1.7661 1.77684 1.54201 1.88798 
2.55288 2.15078 2.7227 1.60814 2.06508 2.09242 2.35632 1.56726 2.00716 1.92578 2.36824 2.15415 2.31303 2.17141 2.42114 2.05362 3.00271 2.07139 3.186 2.1324 3.01851 2.56176 3.10728 1.99795 1.98726 1.05402 1.49028 1.53055 1.5386 1.59243 1.62171 1.709 1.57071 2.29809 2.49061 1.92755 2.51698 2.46872 2.32219 2.82416 1.73607 2.35783 2.3526 2.83846 2.26943 1.30279 2.38961 1.91029 
2.52713 2.26987 1.885 2.09644 2.09496 2.85998 2.35403 2.49848 1.87712 2.88956 2.56505 2.6218 3.01141 2.69185 3.21545 1.94893 2.4176 2.65485 2.73827 2.31073 2.33458 1.79643 1.97719 2.36279 1.82842 1.87989 2.29427 2.41899 2.05845 1.30388 1.81748 1.8315 1.59542 2.21731 2.63888 2.48972 2.5042 2.49877 2.6497 1.88031 1.98501 1.86213 2.71085 3.26176 2.30458 2.19912 1.42744 2.23742 
1.96177 2.67003 1.37948 1.77016 1.48186 2.48918 2.64943 2.13204 2.6477 2.28383 2.32815 2.31279 2.70105 2.55526 2.28278 2.25072 1.61343 1.86549 2.80086 2.27077 2.42296 1.6183 2.17238 1.76916 2.77178 2.93871 2.49215 2.75744 2.5424 1.74372 1.69337 1.80949 1.85174 1.36168 2.33364 2.29602 2.3298 2.01642 2.32962 1.99509 1.63572 1.86823 1.90031 2.46826 2.07149 1.79029 1.40382 1.62565 
2.50608 2.58418 1.99971 1.76863 1.51763 1.38464 2.47496 2.7954 2.68459 1.88257 1.8349 0.932269 1.92835 2.52425 1.97546 2.24399 2.02496 2.19641 2.36168 3.21729 2.5902 2.65656 1.92496 2.76935 2.56136 3.30839 3.27407 2.59082 2.69118 2.21726 2.10543 1.774 1.52633 1.32242 1.60715 2.25466 2.15517 2.16109 2.32297 1.79381 1.97105 1.42891 2.14174 1.52504 1.97732 1.3223 2.09786 2.76107 
2.7268 2.64979 2.27159 1.83611 2.08909 1.15689 1.84528 2.06471 2.14905 1.60212 1.34187 1.41348 1.5058 2.77106 2.20466 2.28134 1.91881 2.76863 2.75549 2.47084 2.0118 2.22045 1.45864 2.36763 2.20682 3.27941 3.17938 2.74576 2.03095 2.55286 2.32126 2.12996 2.23508 2.17268 2.99917 1.99378 2.33785 2.20208 1.82062 1.50386 1.72105 1.39505 1.98801 1.65312 1.67391 1.84277 1.96662 2.79537 
2.13931 1.78347 2.04566 1.88814 1.92492 1.23206 1.35828 1.16693 2.52487 1.44344 2.02828 1.57544 1.75516 1.84525 2.28128 1.8998 2.27092 2.72186 2.98515 2.62816 1.82143 1.77221 1.74531 1.68951 1.86818 2.59003 2.87571 2.4753 1.8194 2.56752 1.91865 2.91272 2.54905 3.1252 2.99853 2.71542 1.94469 1.84075 1.97267 1.28211 1.77573 1.47512 2.20902 1.27387 2.47682 2.02279 2.20532 2.10248 
2.4718 1.70656 2.40222 2.9983 2.29485 1.67 1.46681 2.13487 1.5848 2.00998 1.47862 2.01494 1.93348 1.61536 2.03033 1.39762 1.90137 1.72494 2.71336 3.01763 3.4517 2.56736 2.16827 2.18166 2.53646 2.90815 2.81117 2.81335 2.32699 1.80498 2.55105 2.07864 2.68252 2.66029 2.71601 2.40365 2.60646 2.132 2.00561 1.82135 2.0687 2.96249 1.54394 2.10493 1.50356 2.71402 2.36866 2.50359 
2.13615 2.84088 1.87474 2.84836 2.66244 1.8863 1.69559 1.5341 2.1243 1.46603 1.11387 1.82503 1.78643 1.68754 1.14974 1.13456 1.30865 2.05335 2.39139 2.76099 2.93646 2.72799 2.57423 2.51224 3.15891 2.55689 3.471 2.41455 2.14481 1.39355 1.18357 1.88562 1.52524 1.69586 1.93805 2.06824 2.90464 2.92133 2.58041 2.14381 2.53396 2.73508 2.59995 1.60969 1.95941 2.37748 2.89054 2.74768 
1.63129 2.20386 2.50422 1.84621 2.9002 2.01845 2.13803 1.76619 2.18307 1.94001 1.58685 2.63499 2.50945 2.56381 2.21513 1.76744 2.3085 2.37968 3.22874 2.63129 1.95114 2.16277 2.5506 2.5184 2.28864 2.84576 3.23436 2.68671 1.85107 1.35363 1.09404 1.74492 1.31456 1.5447 1.13286 2.15486 2.51591 2.99677 2.9776 2.3544 2.39745 2.6456 2.81864 2.41345 2.13878 1.91922 2.32234 2.31697 
1.76412 1.90874 2.11532 2.75677 2.05738 1.63257 1.8873 1.81795 2.1156 2.14294 1.9333 2.62441 3.06361 2.6768 2.46766 2.6617 2.60806 3.23014 3.3492 3.04263 1.65917 1.59743 1.53325 2.78295 2.05413 2.2715 2.22358 2.58881 1.49603 1.61634 1.61743 1.81618 1.71689 1.72193 1.78022 1.18398 1.46646 2.19501 2.43831 3.43599 2.78835 3.04251 2.76512 1.84507 2.87356 2.30231 2.4817 2.37598 
1.95282 1.66393 1.98633 1.72887 1.97217 1.26396 1.53141 2.32021 2.49076 2.26365 2.52913 2.41998 2.396 2.09732 1.95915 2.92665 2.81049 3.21381 3.34237 2.5601 2.3569 1.92118 2.72592 2.89842 3.18871 2.90717 2.23081 2.57127 1.33342 1.8001 1.17966 1.67564 2.15768 2.03992 2.50506 1.48975 0.978225 2.00264 2.53715 3.44818 3.31961 3.23625 2.37609 2.25395 1.57335 2.33129 2.16079 2.87948 
1.82307 1.21195 1.6889 1.61044 1.70176 1.28626 1.29437 1.61969 2.52597 2.2526 2.72093 1.78849 1.6709 1.22818 1.62159 2.21792 2.22199 2.87112 2.49874 2.97346 2.19097 2.64276 2.5302 3.08401 3.46767 3.32046 2.68231 1.82004 1.29045 1.36107 1.29834 1.36676 2.09451 2.45425 2.16548 2.47313 2.11055 2.29925 2.33301 2.7349 2.71604 2.16313 2.29575 1.63375 1.95591 1.67697 2.27527 2.10588 
1.67214 1.42976 1.4624 1.0724 1.81823 0.834075 1.14442 1.43631 2.20189 2.86258 1.88046 2.47145 1.83667 1.6874 2.0342 1.98999 2.58368 2.38212 2.79472 2.81572 2.51312 1.56205 2.46247 2.30952 3.02334 2.92215 2.83189 2.77297 1.87608 1.77509 1.58762 2.03429 1.30375 2.12821 1.95022 2.13508 2.36259 1.50268 1.98328 0.970554 2.427 1.3773 1.66099 2.02745 1.91512 1.78002 2.25801 2.52878 
1.69993 1.96973 1.80299 1.50799 2.10952 1.60748 1.08108 1.57431 1.53591 2.72348 2.27784 2.21897 2.0607 2.10093 2.35568 2.51069 2.34421 2.92289 3.00078 2.98986 1.78338 2.0297 1.20841 2.89942 2.42724 2.8393 2.86608 2.99593 2.77773 1.73623 1.82446 2.30218 2.61106 1.98827 1.59743 1.82481 1.05603 1.36012 1.06912 1.84363 1.16845 1.99022 1.64798 2.10874 3.3583 2.32163 2.53517 2.05643 
2.20214 2.26998 2.40224 2.94565 2.56399 2.5777 1.89377 1.79252 2.70969 2.3981 2.57732 1.96543 2.47717 2.41518 2.47755 1.99918 2.68891 2.69226 3.14406 2.22322 1.55136 1.08761 1.57321 1.32795 2.577 2.04798 2.67176 3.1257 2.34256 2.19941 1.89357 2.54267 2.80696 2.60081 1.99439 1.93602 1.68704 1.12398 2.20106 1.7068 1.78769 1.22571 2.65374 2.64656 3.15587 2.94538 1.96697 1.71193 
2.05167 1.71484 2.23286 3.07218 3.3399 2.10595 2.35455 1.76497 2.18753 2.88734 2.62847 2.5436 1.60086 2.40168 2.02834 1.63861 1.74117 2.41371 2.77035 2.16968 2.01141 1.32377 1.76581 1.96097 1.83123 2.64915 2.17164 2.63456 3.06837 1.92643 2.22182 1.82787 2.90806 2.81619 2.93797 2.06572 2.41914 1.81641 2.10761 2.16335 1.44935 1.91512 1.96359 2.87149 2.60509 2.90043 2.66087 2.20675 
2.2154 1.86923 1.44599 2.64973 2.80761 2.13493 1.26946 1.70296 1.83665 2.54076 2.36672 2.35709 1.95776 2.44715 2.30706 2.23688 1.92603 2.18065 2.96732 2.14354 2.66054 2.00738 2.64361 2.44832 2.38704 2.25279 2.09608 2.18603 2.9043 2.612 2.40609 1.83938 2.23284 2.34398 3.02657 2.44051 1.80629 2.33364 1.95913 2.12512 1.31615 1.59598 2.19067 2.24653 2.31477 2.49293 2.58725 2.45593 
2.26032 1.57215 1.59166 1.74928 2.03759 2.1832 1.48688 2.11246 2.78922 1.64647 2.48389 1.1974 2.29734 1.57935 2.03765 1.95911 2.29245 1.88145 2.67879 2.46977 2.32294 2.91861 2.98022 3.46004 2.68977 1.94731 2.29875 1.38046 2.70684 2.07915 2.91072 2.09201 2.53295 2.64582 2.39223 2.44835 2.10076 1.97321 1.67498 1.68988 0.883477 1.73278 1.67593 2.21081 1.95509 1.97659 3.01443 2.59495 
1.21701 1.95224 1.7001 1.6287 1.88157 2.20228 2.07557 2.29119 2.77412 2.88406 1.20601 1.43532 1.20758 1.30603 1.3667 2.00613 1.8622 2.67318 2.15718 2.18611 2.6536 2.28654 3.47011 2.65406 2.94333 1.91929 2.01153 2.35349 2.33825 2.28518 2.47224 2.88882 3.70019 3.03373 2.75684 2.08064 2.01122 2.30017 1.38876 1.67786 1.10289 2.18436 2.3905 1.63901 1.89339 2.40535 2.6479 3.09686 
1.57933 1.63529 1.92461 2.92758 1.99457 1.84455 1.9814 2.40251 2.28894 2.40669 1.8429 0.998102 0.735656 1.45378 1.18756 1.21588 2.42379 2.88806 2.08436 2.02747 2.40353 2.76946 2.23768 2.91209 2.50907 2.17178 2.85542 2.13824 2.44417 1.32638 2.4707 2.30353 3.22896 3.17532 2.46531 1.701 1.76851 2.52708 1.83773 1.68042 1.40256 2.30241 2.34715 2.0453 1.62041 2.19395 2.50207 3.28692 
2.00162 1.61724 2.63846 2.79597 3.00266 2.34017 1.84177 2.19586 2.45321 1.91272 1.60345 1.40635 1.26383 0.961673 1.33416 1.78881 1.95561 2.79458 2.75415 2.44647 2.14052 2.85946 2.19714 1.91373 2.89507 2.92469 2.56165 2.40248 1.98128 2.03203 1.63961 3.01062 2.37445 2.60911 2.15842 2.7851 2.82764 2.80567 2.78723 1.95206 1.88477 1.91131 2.00304 2.3072 1.19912 2.40001 1.65629 2.37928 
1.9244 2.81817 2.35341 3.13974 3.26875 2.39718 2.19753 1.65137 1.80194 2.24883 1.74904 1.69823 2.12967 1.44526 1.3675 1.23106 2.40997 2.55227 3.39892 3.09088 2.80219 2.39133 2.88185 2.86756 3.25143 2.79859 2.18449 2.41713 1.41968 1.83486 2.37833 2.12138 2.38378 1.3647 2.29399 2.46834 2.78836 2.92674 2.28224 2.7033 2.1567 2.20865 1.45789 2.07606 1.79454 2.25535 1.82087 1.82946 
2.06865 2.92288 2.93458 2.76518 2.26907 2.81982 2.1826 2.60191 2.10559 2.01236 2.41045 2.62052 1.87163 2.19941 2.13708 1.51666 2.13552 2.73662 2.85964 2.9474 2.81057 2.86811 2.76345 2.81197 2.8042 2.11583 2.59965 1.80968 2.51747 1.95693 1.87251 1.67314 1.34365 1.38789 1.76144 2.26059 2.42325 1.93405 1.99354 2.36604 2.27114 2.69826 1.83234 2.12786 2.61415 2.2741 2.1604 2.25903 
2.62874 3.0286 3.26323 2.93139 2.2121 2.08185 2.28024 3.21062 2.24645 2.69124 2.07672 2.16818 2.58832 2.5658 3.11918 2.75037 2.52368 2.62796 3.41025 2.63919 2.43807 2.1473 3.07809 2.30449 3.2683 2.65103 1.90149 2.47994 1.97322 1.961 1.69628 1.35874 0.822634 1.60044 2.19408 2.103 1.48724 0.979757 0.91869 1.26929 2.72302 2.53958 2.95946 1.81001 2.63123 2.48834 2.41502 2.37867 
2.27762 2.46659 2.68435 2.76459 2.47358 2.13715 2.10854 3.1046 2.9994 3.12261 1.77649 1.99419 2.23127 2.97421 3.67836 3.3324 3.61469 3.0711 3.31089 2.38188 1.96211 1.14238 2.11519 2.65531 3.32684 2.81129 2.26708 1.40125 2.45041 2.37521 1.90314 2.44549 1.84534 2.26004 2.0037 2.61933 1.52162 1.34347 0.999548 1.87736 2.27308 2.98362 2.95868 3.03889 2.44952 2.27502 2.55716 1.8776 
1.92183 1.94408 2.66009 3.25228 2.19502 1.42214 2.08399 2.44444 3.15965 2.49475 2.58268 1.50575 2.05144 2.0416 2.94705 3.10122 2.76885 3.12237 2.90057 2.34103 1.97052 1.83595 1.58538 1.71065 2.79044 2.23783 2.03543 1.93109 1.54775 2.42145 2.0369 2.19945 2.82715 2.073 2.64611 2.45747 2.31448 1.71042 1.35563 1.49759 1.81781 2.57008 3.07108 3.47938 2.57871 2.71005 2.6292 3.11332 
1.70058 2.09312 2.2744 2.7579 2.46587 1.45862 1.55926 2.48728 2.97997 2.6285 2.49076 2.70376 1.90236 2.0375 2.05156 1.59388 2.0751 1.82808 2.4317 2.09523 1.87321 1.65403 1.82077 1.55293 1.32586 2.46321 2.23467 2.54587 2.51154 1.64814 1.8361 1.40712 2.37595 2.34069 2.64562 2.49502 2.55206 2.51115 1.91304 2.02157 1.41116 2.36668 2.81733 2.71258 2.16372 2.63217 2.91918 2.96057 
2.11381 2.4403 2.96966 2.87639 2.59471 2.34571 2.42763 2.49926 2.53183 2.53883 2.59514 2.35248 2.49493 2.07998 2.04361 1.47628 1.35937 2.13665 2.1207 1.97066 1.42599 1.92321 2.15346 2.12213 2.11524 2.31046 2.23279 3.13533 2.61918 2.06434 1.54634 1.32548 2.18797 2.71066 2.89663 3.27944 3.08715 2.96455 2.31258 1.95414 2.0422 1.93583 2.2696 2.52038 2.04786 1.53989 2.0534 1.93855 
3.2881 2.71029 2.31922 2.99997 2.5052 2.61638 2.92901 2.93808 3.41831 2.16936 2.04553 2.41663 2.50611 2.95474 2.33372 2.07991 2.28912 2.28237 2.43155 3.11722 2.29753 2.91031 2.2503 2.70963 2.25298 1.77372 2.18473 2.42929 2.56259 2.4625 1.95151 3.06994 2.16528 2.98793 2.86024 3.23284 2.82614 2.80962 2.00866 2.20805 2.23848 2.24877 1.8063 1.93553 2.17095 1.76297 1.94956 1.63737 
2.77896 3.09129 2.5731 2.25461 2.8373 2.11799 2.46686 2.92987 3.2104 2.5109 1.80175 1.61606 2.06604 2.41597 2.58793 1.89825 1.59327 2.18378 1.90255 2.84995 2.59796 2.66405 2.21631 2.29466 1.74847 2.31375 2.19581 3.11258 2.44803 3.44279 2.80943 2.73292 2.8378 2.55895 2.78094 2.7114 2.41763 2.63816 2.48523 2.20701 2.33741 2.04795 1.40601 1.48564 2.65846 2.41185 2.69885 2.87012 
2.75314 2.3832 2.63632 3.02841 1.83867 2.21053 1.93807 2.64754 3.4102 3.20507 2.05479 2.08612 1.71275 2.21351 2.37435 2.308 1.37377 1.02495 1.4138 1.89362 1.94408 2.11065 1.87569 2.20385 2.35018 2.71326 2.52559 2.95112 2.97313 2.99086 3.02727 2.63956 1.82878 2.0407 2.32252 1.91147 2.42053 1.77688 3.21629 2.12583 2.18448 2.1465 1.62535 2.3072 2.50666 2.96484 2.33982 2.17634 
2.05655 1.95301 2.25912 2.52068 2.82896 1.95106 2.32994 2.35456 3.14758 2.71806 2.07543 1.98753 2.10204 2.28392 2.4219 2.17703 2.25213 1.15284 1.2563 2.13749 2.42333 1.98252 2.19161 3.03566 3.36072 2.81889 2.39234 1.85207 1.95637 2.72165 2.16743 2.29303 1.05298 0.906647 1.57025 1.60668 2.70899 2.63317 2.44468 2.76025 2.05916 2.19893 2.38376 2.31569 2.72657 1.91844 2.09693 1.38712 
2.31048 2.25543 1.71118 1.59921 2.55695 2.16434 2.506 2.14682 2.80414 2.62724 1.9252 1.66206 2.13442 1.92886 1.73175 2.16599 2.15259 2.13528 2.26319 2.8495 2.92939 2.18725 1.86011 2.2748 2.37175 1.69414 1.18028 1.21237 1.72124 2.15886 2.44352 1.95707 1.68516 1.07268 1.19182 1.90063 2.57507 2.89955 2.65583 2.0783 3.14428 1.70712 2.45161 2.76346 2.32092 2.18137 1.17819 1.81168 
2.95877 2.29368 2.0136 1.06844 1.56131 2.21884 2.40268 2.4016 2.20456 2.64974 1.95005 2.47828 1.74176 2.22856 1.98203 2.65962 2.21362 3.05172 2.56598 3.10174 2.28698 2.26451 2.24215 1.80731 1.92682 1.53075 1.34786 1.28367 1.64544 2.39816 2.04219 2.08753 2.08631 1.50921 1.94666 1.7472 2.34492 2.28536 2.40674 2.4058 2.52427 2.28751 2.30184 3.26747 2.96345 2.58376 1.78789 1.76836 
2.21856 2.18343 2.05554 1.22291 1.63121 2.20718 2.12535 2.66713 2.36693 3.12556 2.1486 3.13628 2.36749 3.10318 2.32011 2.90549 2.29055 2.62199 3.14188 2.95875 2.30739 1.95454 1.9735 2.57125 2.38068 2.21592 1.81818 1.77342 1.83351 2.4329 2.55255 1.69073 2.95019 2.21497 2.20516 1.64915 2.34777 2.05587 2.7371 2.37427 2.89291 2.6024 1.59984 2.80641 3.00378 3.01047 2.72034 1.91656 
2.21367 1.63426 2.10044 2.08462 1.88105 1.6317 2.51121 2.70087 2.55585 2.62352 2.49656 2.35119 2.68298 2.28578 2.10001 1.92706 2.6128 2.72253 2.79395 2.79813 2.352 1.83898 1.66336 2.65924 2.63184 2.19159 1.8071 2.14038 1.55385 2.01425 1.62847 1.85549 1.86359 2.54587 2.27495 1.41964 2.59178 1.97267 2.63371 2.86459 2.7332 2.8883 2.44563 1.97885 2.09112 2.52261 2.09163 2.06174 
2.20678 2.17419 2.24799 2.08891 2.88973 2.83454 3.11549 2.57507 2.93249 1.35393 2.28291 1.62759 1.53682 1.60733 1.53491 2.14174 2.72667 2.48313 2.39127 1.7565 2.07202 1.48126 1.1372 1.85515 1.83666 1.52149 2.06982 2.401 2.66718 1.49933 1.55507 1.42304 2.40179 1.7246 2.1338 1.70599 1.45912 2.70045 2.03952 2.50965 3.20469 2.53545 2.34185 2.58116 1.83348 1.8493 1.39876 2.39789 
2.8952 2.48099 2.1773 2.07693 2.78583 3.09798 3.30045 2.42578 1.67581 1.7739 1.78034 2.20289 1.41762 1.39021 1.80856 1.74505 1.77936 2.33945 1.81543 1.87009 1.26481 1.34529 1.7336 1.3101 1.85803 1.91946 2.23874 2.82348 2.22355 2.17061 2.11194 1.97731 1.94913 3.12446 1.78995 2.22373 1.88938 2.12842 2.75477 2.14149 2.03861 2.47199 1.87653 2.35473 2.28157 1.91556 1.88822 2.20375 
2.603 2.39643 1.80007 2.281 1.89651 2.74262 2.08837 1.77181 1.23185 1.93303 1.81111 1.84433 1.76347 1.19889 1.46443 1.54927 2.32063 2.20274 3.23173 1.56374 1.84808 1.18943 1.5756 1.91879 1.42252 1.90013 1.66147 2.33798 2.8705 2.2747 2.83628 2.31908 1.81995 2.58298 3.03536 2.52397 2.55055 2.87208 2.34879 2.55275 1.14501 2.25948 1.92983 2.49239 2.58989 2.82309 2.41796 2.28199 
2.43371 2.10422 2.50943 2.03348 2.1243 1.54569 2.19037 1.88157 1.29342 1.32144 1.40779 1.3933 1.64591 2.00322 2.00143 2.12036 1.93836 2.74387 2.26183 2.26501 1.49593 1.86014 2.03142 1.6272 1.84063 1.72699 2.41427 2.16545 2.81092 2.51612 1.82298 2.57554 2.36027 2.41205 3.08635 3.01822 2.82344 2.11297 2.61994 1.64004 1.70477 1.63702 2.22836 2.75536 1.93966 2.28307 2.35188 1.7659 
2.7886 1.96151 2.9335 1.99454 2.46196 2.28727 2.54925 2.14873 1.59943 1.1207 1.54328 1.84472 2.34883 2.71871 2.7923 2.1838 2.67912 2.2031 2.17519 2.34908 2.07958 1.56258 1.66274 1.9516 1.98218 2.00847 2.92314 3.107 2.59227 1.8725 2.38809 2.42306 3.2054 2.49355 2.43344 2.16462 2.38587 1.42444 2.14319 2.24934 2.27638 2.14308 2.00533 2.63196 2.22429 1.9421 2.07137 2.23746 
2.60046 2.56872 2.90938 2.17046 2.09193 2.54453 2.43425 2.23885 1.4588 1.42059 1.66834 2.00674 2.6663 2.59728 2.9621 2.48091 2.05687 2.65102 2.49956 1.80978 1.6155 1.93175 2.53931 2.19783 2.13016 2.51431 2.40981 3.22206 2.97031 2.75856 1.82639 2.55111 2.30632 2.4114 2.22473 1.53742 1.54603 1.41088 2.43918 2.86941 2.64245 2.49412 2.45188 2.50703 2.51592 2.30893 2.85782 1.88495 
2.58955 2.90871 1.76525 2.20712 1.73796 1.74505 2.43605 2.43377 2.1826 2.19531 2.01162 2.88268 2.92205 2.94026 2.2519 2.13004 2.17264 2.00736 2.30485 2.49768 1.74526 2.24713 1.98996 3.15959 1.87468 1.57297 2.62394 3.1722 3.88946 2.64655 2.45792 1.60503 2.75432 2.34005 2.17753 1.65863 1.73451 1.50808 2.52251 2.86046 3.09959 2.24643 2.0714 2.23414 2.23999 2.80636 2.52381 2.46093 
2.56103 2.75152 1.72676 1.82758 2.56937 2.41096 2.9364 2.98119 2.78922 2.05144 2.80206 2.17115 2.8917 1.71589 2.3533 1.85571 2.26322 2.12171 1.74078 2.08051 2.03575 2.9164 2.3286 2.15004 2.04154 1.80028 2.23786 3.09641 3.34621 2.62624 2.22686 2.5431 2.31163 2.24134 2.10641 1.92016 1.85413 1.83386 2.30726 2.4152 1.66177 1.49966 1.81697 2.12447 2.72321 2.59036 2.18971 2.74326 
3.08731 2.35575 2.04543 1.76915 1.98457 3.38857 2.66665 2.77573 2.51558 2.30331 2.81362 2.41612 1.81492 2.47257 2.1553 2.9098 2.1624 2.14103 1.51032 1.78944 2.10041 2.42607 2.99937 2.13993 1.94422 2.15468 2.51029 2.97821 2.58566 2.41263 2.00252 1.8559 1.80817 2.38348 2.44214 2.87163 1.82652 2.46464 2.16833 2.13862 1.66766 1.94232 2.37708 3.16058 2.61196 2.17765 1.8643 1.89356 
2.06982 2.11755 1.87848 2.43597 2.42946 2.65794 3.40953 2.21924 2.14251 2.222 2.682 2.13216 2.14113 1.48609 2.68421 2.26997 2.18592 1.46531 1.79227 1.38821 2.24515 2.09802 2.98154 2.5037 1.84468 2.39295 2.61292 2.2823 2.79379 1.69173 1.68797 1.388 1.89603 1.67219 2.48377 1.91228 2.33842 2.08512 1.64338 2.42763 2.40576 2.56883 2.5944 2.50861 2.02623 1.92303 1.67039 1.73328 
2.27692 1.61203 2.2353 2.19716 3.28247 2.40763 2.16792 1.91111 1.3439 2.04322 2.20476 2.59625 1.83881 1.87399 1.99758 1.4145 1.94107 1.43587 1.57427 1.38982 2.2086 2.53369 2.18877 2.29667 2.18529 1.96024 2.02636 2.1256 1.98205 2.70908 1.49192 2.1666 2.12359 1.97384 2.0975 2.6301 1.84471 2.16186 2.07337 2.10335 2.43871 2.61692 2.75254 1.7519 2.04231 2.32258 2.34928 2.22346 
