2.59451 2.2846 2.06096 1.71181 1.8642 2.21719 2.61767 2.42662 2.23706 1.63713 2.27051 2.28934 1.9729 1.68946 1.08866 1.398 2.12933 2.66389 2.95553 3.10626 3.01681 2.56963 2.08623 
1.85107 1.78866 2.1079 1.33023 1.62907 1.60178 2.20971 1.63338 1.70489 1.55365 1.8985 2.28574 2.75628 2.41788 2.06943 1.82655 1.89891 1.78732 1.78214 1.91409 1.61395 1.42866 1.43883 
2.25972 2.23376 1.91844 1.14098 1.49624 1.68563 1.79926 1.64405 1.74464 1.54374 1.69549 1.58438 1.72428 1.51186 2.25891 2.01751 2.60277 1.84557 2.68667 2.06292 2.94975 2.70852 2.70813 
0.960758 1.28937 1.33036 1.57964 1.40479 1.3666 1.51627 1.72599 2.1052 2.20421 1.75279 2.10715 2.16749 2.50246 2.60703 1.78861 2.37439 2.14747 2.36178 1.72957 1.69628 2.26034 2.14994 
2.04432 2.16809 2.1504 2.39676 2.10864 2.49523 1.95648 1.82 1.95285 2.65003 2.59904 2.6997 2.81892 2.58037 2.55471 2.21471 2.62714 2.4956 2.8056 2.19659 2.25868 1.95015 2.58627 
1.64125 1.91486 1.67444 1.78878 1.65066 2.02151 1.59782 1.7321 2.08615 2.28554 2.45515 2.54454 2.43348 2.54378 2.13754 1.97874 2.01011 2.71133 3.00855 1.97306 1.89006 1.53508 2.4946 
1.66806 2.04905 1.30097 1.57508 1.78585 2.49915 2.38699 1.96307 2.19278 2.10734 2.47299 2.34968 2.59633 2.89878 2.207 1.72001 1.50269 2.02741 2.43124 1.85227 1.53104 1.07761 1.37548 
1.98259 2.56337 2.38457 1.5119 1.04688 1.60021 1.77798 1.88018 2.0467 2.56444 2.28002 2.06045 2.10203 2.07686 1.44425 1.50034 1.51035 2.22813 2.65628 2.25796 1.58082 1.11211 1.157 
2.40034 2.30477 1.72917 1.28263 1.38674 1.6092 2.36413 2.3404 2.40506 2.08937 1.84699 1.61178 1.79452 1.93783 1.80198 2.14463 1.46787 2.03227 2.50869 3.16166 2.43759 2.62884 1.71504 
2.88379 2.81572 2.77257 2.65233 2.12482 1.65742 1.41512 1.31848 1.08959 1.57098 1.79426 1.67945 1.88376 2.34798 2.0085 2.13901 1.2651 1.84633 1.4806 1.9694 1.93788 2.05285 2.01528 
2.80521 2.79162 2.62863 2.09123 1.91131 1.30825 2.42068 2.02307 1.89515 1.12656 0.818546 1.29875 1.87585 2.61219 2.15881 2.05095 1.71479 2.132 1.92756 2.36365 2.07088 2.14414 1.97159 
3.33064 2.81684 2.44202 1.8633 2.3558 1.85643 1.91398 1.64969 1.58511 1.89448 1.99705 2.1844 1.8213 1.7872 1.56361 1.60095 1.42998 2.14134 1.52621 1.48444 1.39306 2.05639 3.08617 
2.32471 1.81065 1.54631 1.4191 1.4052 0.878129 1.30982 1.48122 2.19607 1.87837 1.89599 1.12542 1.62729 1.75674 2.02749 1.74363 2.35761 2.72003 2.53042 1.89802 1.20733 1.36391 1.29452 
2.54655 2.29159 2.09288 1.77624 2.07747 1.98345 2.19116 2.19592 3.01157 2.89065 2.03704 1.93361 1.79595 1.65977 1.41773 1.42104 1.57418 1.75933 1.87432 2.09623 1.58171 1.60974 1.93739 
1.68432 1.91549 2.46037 2.47585 2.12266 1.69601 1.45014 1.87767 1.75369 2.32453 1.89738 2.14038 1.86124 1.96363 2.04197 1.4644 1.91152 2.118 2.97418 2.6405 2.67537 1.98872 1.96379 
2.27998 2.82397 2.3488 2.37256 2.40009 2.46585 2.33329 2.64857 2.59251 2.63289 2.10855 2.08345 1.56621 1.57951 1.50712 1.59394 1.84522 1.32748 1.93527 2.05673 2.82384 2.13216 1.79017 
2.08257 2.35682 2.17665 2.70205 2.21392 1.39576 1.77152 1.70352 1.60941 1.14062 1.05658 1.52661 1.17263 1.2646 1.09256 1.02989 1.3023 1.42306 1.89554 2.93398 3.06864 2.74219 2.48406 
2.48926 2.96021 1.91706 1.74944 1.59328 1.30023 1.88298 1.55783 2.14964 2.02438 1.95171 2.42059 2.25679 2.10872 1.91695 2.53391 2.46815 1.94255 1.28912 1.74422 2.44107 3.03289 3.1179 
2.12268 2.29626 2.09236 2.19722 2.61694 1.47411 1.67751 1.70156 2.02066 1.74982 1.67115 2.22703 2.34726 2.19531 1.48254 1.38368 2.12541 2.30798 2.34173 2.10295 2.06344 2.60896 2.40537 
2.87171 2.88025 2.71857 1.84853 1.25059 1.31254 1.47843 1.00881 1.26979 1.43498 2.22875 2.76072 3.26026 2.41003 2.00537 2.20737 2.38158 2.66627 1.93188 2.01368 1.82637 1.81598 1.60767 
1.65317 2.0632 2.31581 2.13286 2.09273 1.94795 1.76376 1.64356 1.62891 1.39563 1.76315 2.60073 2.88182 2.8529 2.40232 2.10069 2.22175 2.87122 3.09378 2.41518 1.20981 1.44382 1.65221 
2.29307 2.02501 2.32219 1.27368 1.51351 1.36225 1.54166 1.70186 1.31705 1.37151 1.42669 1.82588 2.7989 2.54314 2.64526 2.28196 2.60006 2.69986 2.53127 2.51295 2.08417 2.14859 2.31139 
1.80573 1.40668 2.20444 1.87769 1.71728 1.08323 1.68353 2.13572 2.33066 2.09072 2.19287 2.07398 2.31904 2.25837 2.48097 2.98495 2.83616 3.3078 3.11767 2.63259 2.11558 1.52665 2.40827 
